current_q1 values: 
[[-1.5160820e+00]
 [-3.3355925e+00]
 [-3.8802922e+00]
 [-2.4388316e+00]
 [ 7.8841543e+00]
 [ 2.4548113e+01]
 [-2.7367642e+00]
 [ 3.8870317e-01]
 [-3.0519283e+00]
 [ 3.2483158e+01]
 [-1.4379270e+00]
 [-4.7484865e+00]
 [-6.0723128e+00]
 [ 4.2224187e-01]
 [ 4.9201393e+00]
 [ 1.8821388e-01]
 [-2.8330510e+00]
 [ 3.5780914e+01]
 [-2.8831127e+00]
 [ 4.1767479e+01]
 [-2.9527972e+00]
 [-1.5435584e+00]
 [-2.6378918e+00]
 [ 1.8631001e+01]
 [-3.5684702e+00]
 [ 4.8125580e+01]
 [-1.4502482e+00]
 [-3.7014216e-01]
 [-2.9352272e-01]
 [-3.3906739e+00]
 [-5.5419483e+00]
 [-2.7600043e+00]
 [-2.2089348e+00]
 [-2.9015126e+00]
 [-1.2229179e+00]
 [ 3.3407295e-01]
 [-1.5435584e+00]
 [ 5.9674768e+00]
 [-6.0746364e-02]
 [ 3.8256458e+01]
 [ 2.5625324e+01]
 [ 4.5346771e+01]
 [ 1.6949070e+01]
 [ 3.8256458e+01]
 [-2.5525136e+00]
 [ 3.8870317e-01]
 [ 8.7797842e+00]
 [-3.5684702e+00]
 [ 1.7762146e+01]
 [-1.6306564e-03]
 [ 7.2531503e-01]
 [-7.8911714e-02]
 [ 9.2268381e+00]
 [ 1.6949070e+01]
 [ 1.8631001e+01]
 [-3.7014216e-01]
 [ 1.5739666e+00]
 [-2.0735748e+00]
 [-5.0462971e+00]
 [ 4.1210659e+01]
 [ 2.2228252e+01]
 [-3.1157944e+00]
 [ 9.2268381e+00]
 [-4.2551174e+00]
 [ 4.2101741e+00]
 [-2.6316955e+00]
 [-8.5403733e-02]
 [ 1.4157956e+01]
 [ 2.5625324e+01]
 [-3.3859921e+00]
 [-3.0608451e+00]
 [-2.7367642e+00]
 [-4.4621267e+00]
 [ 4.6802605e+01]
 [ 1.0379403e+00]
 [ 1.8189217e+01]
 [-2.4388316e+00]
 [ 3.3693069e+01]
 [-3.3526001e+00]
 [-8.2542509e-01]
 [ 3.2597792e+00]
 [-2.8330510e+00]
 [ 6.3247748e-02]
 [-4.4092983e-01]
 [-3.9725578e+00]
 [-1.9440441e+00]
 [ 4.8125580e+01]
 [-2.0053251e+00]
 [-1.7888188e-01]
 [-3.8673859e+00]
 [ 4.8125580e+01]
 [-1.0238627e+00]
 [-6.4050770e+00]
 [ 4.3914780e+01]
 [-8.2542509e-01]
 [ 9.5140286e-02]
 [ 4.6802605e+01]
 [ 2.6741770e+01]
 [-1.5160820e+00]
 [-4.4621267e+00]
 [-2.4793413e+00]
 [ 4.6802605e+01]
 [ 1.5739666e+00]
 [ 4.6049789e+01]
 [-3.3355925e+00]
 [ 8.7807947e-01]
 [-2.8831127e+00]
 [-1.0238627e+00]
 [-3.0978185e-01]
 [-4.6976604e+00]
 [ 1.2677383e-01]
 [ 3.3693069e+01]
 [ 4.0063599e+01]
 [-3.0026700e+00]
 [-2.0358913e-02]
 [-1.7423242e-01]
 [ 3.8256458e+01]
 [-1.5268445e-01]
 [ 7.8841543e+00]
 [-7.4955112e-01]
 [ 2.4548113e+01]
 [-4.8228583e+00]
 [ 8.7797842e+00]
 [ 1.8631001e+01]
 [ 1.8189217e+01]
 [ 2.5867236e+00]
 [-3.2890799e+00]
 [-3.0519283e+00]]
current_q2 values: 
[[-2.4900227e+00]
 [-1.4492910e+00]
 [-2.6853485e+00]
 [-1.3071492e+00]
 [ 6.2082191e+00]
 [ 2.1684404e+01]
 [-1.6048511e+00]
 [-3.3513448e-01]
 [-5.2834663e+00]
 [ 2.9994568e+01]
 [-3.7327549e+00]
 [-3.4493926e+00]
 [-8.1478596e+00]
 [-3.2666627e-01]
 [ 3.6508613e+00]
 [-4.9134997e-01]
 [-1.7061945e+00]
 [ 3.3471905e+01]
 [-1.7509428e+00]
 [ 3.7274536e+01]
 [-1.7073072e+00]
 [-3.8318849e+00]
 [-1.4984369e+00]
 [ 1.5973221e+01]
 [-2.3887556e+00]
 [ 4.5140602e+01]
 [-2.4215560e+00]
 [-2.7043355e+00]
 [-9.4718504e-01]
 [-1.0863925e+00]
 [-7.6529336e+00]
 [-3.7090626e+00]
 [-1.1089727e+00]
 [-1.7107514e+00]
 [-4.3538722e-01]
 [-3.6882991e-01]
 [-3.8318849e+00]
 [ 4.5331125e+00]
 [-2.4516838e+00]
 [ 3.3990284e+01]
 [ 2.2807642e+01]
 [ 4.2529503e+01]
 [ 1.4409290e+01]
 [ 3.3990284e+01]
 [-4.8000050e+00]
 [-3.3513448e-01]
 [ 7.0468302e+00]
 [-2.3887556e+00]
 [ 1.5170089e+01]
 [-2.3900943e+00]
 [-2.7063131e-02]
 [-2.4366353e+00]
 [ 7.4741182e+00]
 [ 1.4409290e+01]
 [ 1.5973221e+01]
 [-2.7043355e+00]
 [ 7.6029921e-01]
 [-9.9805212e-01]
 [-7.1935143e+00]
 [ 3.6740433e+01]
 [ 1.9339846e+01]
 [-1.6685725e+00]
 [ 7.4741182e+00]
 [-3.0223553e+00]
 [ 3.0569789e+00]
 [-3.5824099e+00]
 [-2.4823959e+00]
 [ 1.1703175e+01]
 [ 2.2807642e+01]
 [-1.1313289e+00]
 [-1.6839471e+00]
 [-1.6048511e+00]
 [-6.6493578e+00]
 [ 4.3735001e+01]
 [ 2.7180454e-01]
 [ 1.5565462e+01]
 [-1.3071492e+00]
 [ 3.1320309e+01]
 [-1.4001970e+00]
 [-1.5915589e+00]
 [ 2.1957555e+00]
 [-1.7061945e+00]
 [-2.3176701e+00]
 [-1.1791471e+00]
 [-2.7747881e+00]
 [-1.0633731e+00]
 [ 4.5140602e+01]
 [-2.9691582e+00]
 [-2.5236173e+00]
 [-6.0748610e+00]
 [ 4.5140602e+01]
 [-3.3388984e+00]
 [-8.4732904e+00]
 [ 4.1188103e+01]
 [-1.5915589e+00]
 [-5.7248151e-01]
 [ 4.3735001e+01]
 [ 2.3913376e+01]
 [-2.4900227e+00]
 [-6.6493578e+00]
 [-3.4315703e+00]
 [ 4.3735001e+01]
 [ 7.6029921e-01]
 [ 4.3194885e+01]
 [-1.4492910e+00]
 [ 1.2340072e-01]
 [-1.7509428e+00]
 [-3.3388984e+00]
 [-1.0440714e+00]
 [-3.4056752e+00]
 [-6.0743415e-01]
 [ 3.1320309e+01]
 [ 3.5657318e+01]
 [-1.6960694e+00]
 [-7.5094974e-01]
 [-8.2351637e-01]
 [ 3.3990284e+01]
 [-8.4848154e-01]
 [ 6.2082191e+00]
 [-1.5069076e+00]
 [ 2.1684404e+01]
 [-3.5378661e+00]
 [ 7.0468302e+00]
 [ 1.5973221e+01]
 [ 1.5565462e+01]
 [ 1.6413333e+00]
 [-1.5425956e+00]
 [-5.2834663e+00]]
target_q values: 
[[-2.766503  ]
 [-1.0845525 ]
 [-2.5723379 ]
 [-1.2348084 ]
 [ 6.3224173 ]
 [21.58677   ]
 [-1.4805248 ]
 [-0.8301242 ]
 [-4.7858863 ]
 [30.661926  ]
 [-3.2314503 ]
 [-3.5384908 ]
 [-7.7547708 ]
 [-0.83077574]
 [ 3.2649071 ]
 [-1.4342964 ]
 [-1.632647  ]
 [31.526976  ]
 [-0.67965704]
 [37.95645   ]
 [-0.70062864]
 [-3.3861592 ]
 [-1.3380806 ]
 [16.211182  ]
 [-2.481944  ]
 [ 1.7965537 ]
 [-2.827117  ]
 [-2.1478415 ]
 [-1.8731427 ]
 [-1.0059073 ]
 [-7.1603293 ]
 [-4.0804453 ]
 [-1.0196011 ]
 [-0.5483808 ]
 [ 0.7627995 ]
 [-1.251785  ]
 [-3.3749342 ]
 [ 4.616184  ]
 [-1.8750441 ]
 [34.659733  ]
 [22.666595  ]
 [43.235615  ]
 [14.585211  ]
 [34.427544  ]
 [-4.3133464 ]
 [-0.77281934]
 [ 7.254259  ]
 [-2.4674306 ]
 [15.372959  ]
 [-1.6462095 ]
 [-0.5411085 ]
 [-1.8161325 ]
 [ 7.662223  ]
 [14.697032  ]
 [16.322918  ]
 [-2.147385  ]
 [ 0.19081533]
 [-0.76316535]
 [-6.6746054 ]
 [37.574684  ]
 [19.244644  ]
 [-0.647048  ]
 [ 7.721504  ]
 [-3.0022457 ]
 [ 2.6508393 ]
 [-3.9969463 ]
 [-1.8601023 ]
 [11.882666  ]
 [22.523066  ]
 [-0.90028614]
 [-0.6388881 ]
 [-1.545754  ]
 [-6.1228986 ]
 [39.105698  ]
 [-0.06940041]
 [15.8110075 ]
 [-1.17243   ]
 [31.87227   ]
 [-0.86156875]
 [-2.1036932 ]
 [ 2.2085257 ]
 [-1.5427227 ]
 [-4.1320734 ]
 [-1.6733898 ]
 [-2.7309222 ]
 [ 0.24384725]
 [ 1.8421602 ]
 [-3.522918  ]
 [-1.9514302 ]
 [-5.5778384 ]
 [ 1.8715887 ]
 [-2.7677205 ]
 [-8.130371  ]
 [41.743675  ]
 [-2.1230803 ]
 [-1.5478799 ]
 [39.23636   ]
 [24.312883  ]
 [-2.736131  ]
 [-6.12492   ]
 [-3.8506663 ]
 [39.175896  ]
 [ 0.35082275]
 [43.772896  ]
 [-1.0502448 ]
 [-0.1660358 ]
 [-0.65322465]
 [-2.767301  ]
 [-1.5151448 ]
 [-3.466846  ]
 [-1.0636584 ]
 [31.998335  ]
 [36.371735  ]
 [-0.61075306]
 [-1.2339271 ]
 [-1.860187  ]
 [34.600174  ]
 [-1.3961068 ]
 [ 6.082668  ]
 [-1.9196295 ]
 [21.462149  ]
 [-3.732305  ]
 [ 7.07017   ]
 [16.118315  ]
 [15.844487  ]
 [ 1.0769951 ]
 [-0.7509432 ]
 [-4.7890396 ]]

 tensor([[-0.1688, -0.6651, -0.8283, -0.6635, -0.2126, -0.8608, -0.6022, -0.4389,
         -0.2220, -0.8135, -0.2411, -0.5000, -0.4230, -0.4608, -0.2220, -0.2536,
         -0.2411, -0.4256, -0.1207, -0.4743, -0.6653, -0.7917, -0.8608, -0.5469,
         -0.7946, -0.4384, -0.2754, -0.4925, -0.1567, -0.2457, -0.7079, -0.6462,
         -0.6462, -0.6029,  0.0801, -0.8610, -0.8608, -0.8677, -0.8610, -0.8387,
         -0.3163, -0.2334, -0.7396, -0.5730, -0.5763, -0.8654, -0.8654, -0.1817,
         -0.7547, -0.7988, -0.6574, -0.4623, -0.4384, -0.8252, -0.1816, -0.2556,
         -0.8387, -0.7873, -0.5855, -0.6008,  0.0186, -0.2503, -0.3565, -0.2806,
         -0.8105, -0.8536, -0.2536, -0.4925, -0.0978, -0.8654, -0.6029, -0.1567,
         -0.7547, -0.5000, -0.7423, -0.0956, -0.4302, -0.8230, -0.7436, -0.6651,
         -0.8677, -0.8327, -0.1317, -0.1576, -0.5345, -0.6481, -0.5469, -0.5772,
         -0.5602, -0.8283, -0.2145, -0.6829, -0.7095, -0.8312,  0.0186, -0.2334,
         -0.0503, -0.1509, -0.1955, -0.6772, -0.2175, -0.4389, -0.2879, -0.6829,
         -0.1423, -0.8327, -0.2668, -0.2556, -0.6278, -0.4507, -0.8677, -0.1955,
         -0.4242, -0.7396, -0.4790, -0.8677, -0.5772, -0.8426, -0.7423, -0.2668,
         -0.4208, -0.2334, -0.3980, -0.4925, -0.2536, -0.5469, -0.7184, -0.1448]])

